20 
1 21 100 141 0.181450600
2 21 100 215118 0.314379900
3 21 100 175241 0.994243100
4 21 100 7658 1.229354000
5 21 100 445950 1.655582200
6 21 100 6234 1.775394500
7 21 100 76685 2.123492400
8 21 100 992 2.133617400
9 21 100 303 2.250739800
10 21 100 221842 2.884934100
11 21 100 469025 2.934263700
12 21 100 13675 3.208335700
13 21 100 882802 3.407096000
14 21 100 2053 4.576026600
15 21 100 1335 4.584754900
16 21 100 5448 4.805690600
17 21 100 180844 5.418764100
18 21 100 2609 6.328563500
19 21 100 2112 7.634984700
20 21 100 8170 8.897420500
