140 
3 129 1000 1 0.001019556
38 129 1000 2078 0.003127181
31 129 1000 1 0.005658723
121 129 1000 1750 0.024695231
68 129 1000 1 0.032116955
46 129 1000 1 0.071917637
75 129 1000 242764 0.093718942
23 129 1000 3 0.095285278
112 129 1000 2 0.098158816
25 129 1000 1 0.115510960
30 129 1000 2 0.116065328
23 129 1000 44026 0.119835059
37 129 1000 1 0.124909683
92 129 1000 1 0.128336733
25 129 1000 5 0.145429568
96 129 1000 10 0.153592458
103 129 1000 1 0.175130985
68 129 1000 33184 0.181800354
20 129 1000 7 0.183932082
117 129 1000 1587 0.185899371
127 129 1000 6 0.197923307
60 129 1000 213 0.211440111
37 129 1000 2 0.217285241
49 129 1000 3 0.219780454
28 129 1000 5 0.224597727
86 129 1000 1 0.258774231
25 129 1000 5 0.262367828
81 129 1000 2 0.267072612
55 129 1000 1 0.273433297
102 129 1000 1 0.287782552
103 129 1000 160 0.293213950
57 129 1000 1 0.306158711
48 129 1000 118 0.309674833
34 129 1000 1 0.311569223
28 129 1000 1904 0.324480582
51 129 1000 3 0.324730242
124 129 1000 1 0.335235843
45 129 1000 1 0.368014282
19 129 1000 1 0.376202896
18 129 1000 1688 0.388454044
61 129 1000 1 0.396257235
12 129 1000 1 0.400625540
114 129 1000 1 0.433586436
15 129 1000 4 0.443098159
116 129 1000 1 0.474441907
111 129 1000 3 0.499582431
108 129 1000 7 0.532532371
34 129 1000 2 0.538166785
62 129 1000 1 0.549999730
41 129 1000 3 0.558625584
30 129 1000 779 0.577522359
14 129 1000 7 0.579981563
102 129 1000 3 0.602808226
67 129 1000 3 0.609534070
116 129 1000 1 0.628298305
89 129 1000 1 0.628299487
121 129 1000 275797 0.649862840
15 129 1000 3 0.659463247
127 129 1000 1 0.659680062
25 129 1000 3 0.663185505
89 129 1000 1 0.665056246
17 129 1000 6 0.673699457
79 129 1000 1 0.700357001
8 129 1000 1 0.706036497
44 129 1000 154 0.706215919
62 129 1000 3 0.711122332
48 129 1000 178 0.736130272
55 129 1000 2 0.755942418
80 129 1000 3 0.756345422
89 129 1000 1 0.762234105
38 129 1000 1 0.772908719
25 129 1000 1 0.773675190
48 129 1000 1 0.779938956
35 129 1000 1 0.794303455
12 129 1000 4 0.810338319
36 129 1000 4 0.821309130
51 129 1000 1 0.837776874
125 129 1000 4 0.838322278
121 129 1000 1 0.860128203
40 129 1000 4 0.879557495
55 129 1000 79 0.908231820
128 129 1000 1 0.928959708
74 129 1000 1 0.943559001
19 129 1000 1136 0.946048271
61 129 1000 1 0.957843018
107 129 1000 158 0.969808862
84 129 1000 2 0.977818585
55 129 1000 1 0.984924533
6 129 1000 1 0.991110654
3 129 1000 1 1.018921651
124 129 1000 70 1.020552337
76 129 1000 2 1.045384150
26 129 1000 1 1.051526766
92 129 1000 4 1.052097207
115 129 1000 17771 1.053320856
38 129 1000 3 1.063764401
53 129 1000 1 1.112640338
86 129 1000 2 1.118896817
62 129 1000 1 1.122671254
40 129 1000 2 1.134282646
48 129 1000 209 1.152343561
74 129 1000 1 1.154135940
99 129 1000 132 1.177257607
122 129 1000 1 1.179277879
7 129 1000 1 1.188284699
57 129 1000 7 1.219199190
3 129 1000 1 1.232448292
127 129 1000 1 1.262209047
76 129 1000 4 1.266999065
56 129 1000 91414 1.272281153
8 129 1000 1 1.282564089
74 129 1000 1 1.286213156
87 129 1000 7 1.286546877
117 129 1000 1 1.293203722
14 129 1000 1 1.325080278
117 129 1000 1 1.333385284
19 129 1000 3 1.338768816
122 129 1000 3 1.343565246
104 129 1000 1 1.400941295
17 129 1000 1 1.423070255
80 129 1000 2 1.462155561
25 129 1000 1 1.472600917
86 129 1000 209 1.477222906
57 129 1000 1 1.495714578
96 129 1000 1 1.499343539
124 129 1000 3 1.524936481
20 129 1000 10655 1.538423829
63 129 1000 2 1.566263349
25 129 1000 83 1.588977858
85 129 1000 648192 1.619909724
60 129 1000 156 1.634694125
18 129 1000 7 1.664295989
60 129 1000 260 1.669576613
23 129 1000 78 1.677418673
15 129 1000 1 1.702536865
90 129 1000 2 1.723991203
7 129 1000 363 1.766179511
57 129 1000 41397 1.774062185
121 129 1000 1 1.836645039
96 129 1000 1 1.918045182
