67 
15 17 1000 2492781 0.022525145
12 17 1000 6420 0.026649709
3 17 1000 1238739 0.031227252
5 17 1000 71855 0.036147122
1 17 1000 26930572 0.047647012
6 17 1000 8775897 0.060060562
3 17 1000 10602 0.096184975
9 17 1000 12892331 0.116459666
6 17 1000 52952 0.119414120
5 17 1000 199529 0.155877541
8 17 1000 20249 0.156236279
1 17 1000 60934 0.180410746
3 17 1000 1030898 0.180552521
9 17 1000 5100 0.207349516
8 17 1000 21885 0.213817259
2 17 1000 456326 0.231067539
14 17 1000 369179 0.256819856
5 17 1000 8611258 0.285197062
14 17 1000 1365432 0.288213005
6 17 1000 4181565 0.297506593
15 17 1000 3760439 0.304242053
15 17 1000 129918 0.307216181
16 17 1000 2300051 0.308473389
12 17 1000 50236 0.322622922
6 17 1000 1906437 0.325531584
16 17 1000 88977 0.361477617
11 17 1000 167264 0.364682071
12 17 1000 692992 0.415026358
11 17 1000 3476781 0.425098887
15 17 1000 4726528 0.434770536
15 17 1000 909625 0.438503143
16 17 1000 1820621 0.444397783
3 17 1000 59048 0.445526014
14 17 1000 2120 0.447961898
1 17 1000 61580 0.457771779
11 17 1000 428452 0.491160159
5 17 1000 3754221 0.495724469
13 17 1000 1796556 0.507264190
5 17 1000 221108 0.518943752
14 17 1000 1635300 0.526804254
15 17 1000 23501102 0.576409400
2 17 1000 61829 0.584618245
6 17 1000 9818 0.588966602
1 17 1000 2323244 0.596831523
2 17 1000 58083 0.603269205
6 17 1000 7722 0.604853753
5 17 1000 60326 0.609643381
3 17 1000 44911 0.630739164
16 17 1000 560758 0.634082267
13 17 1000 24588 0.637932407
14 17 1000 587809 0.647049331
14 17 1000 12808291 0.668481870
16 17 1000 61364 0.697394274
8 17 1000 25993 0.701325647
6 17 1000 5498 0.702536955
2 17 1000 32515 0.718965667
1 17 1000 3700312 0.739221225
16 17 1000 25923 0.754208622
16 17 1000 9856032 0.757417081
16 17 1000 1288864 0.759314465
13 17 1000 382217 0.804739079
5 17 1000 990218 0.824620988
16 17 1000 27386 0.849552422
3 17 1000 442322 0.860817361
16 17 1000 8074 0.865756290
4 17 1000 25132 0.891094238
2 17 1000 12344493 0.894752629

