246 
16 129 1000 13 0.000500772
64 129 1000 893 0.001427898
127 129 1000 3073 0.002256432
111 129 1000 463 0.004678075
31 129 1000 3491 0.005234281
90 129 1000 37 0.008038193
40 129 1000 2314 0.011000655
58 129 1000 40 0.012263999
64 129 1000 6055 0.012676548
29 129 1000 77 0.015596905
98 129 1000 6175 0.017942712
96 129 1000 7 0.020007056
53 129 1000 4 0.023396385
37 129 1000 6894 0.029143348
72 129 1000 30 0.029738828
37 129 1000 1159 0.034756932
108 129 1000 68 0.036186963
66 129 1000 1 0.037606619
21 129 1000 400 0.039228778
35 129 1000 23 0.041279280
75 129 1000 13 0.046589250
124 129 1000 2601 0.050005626
16 129 1000 612 0.051342439
48 129 1000 9 0.056719712
63 129 1000 156 0.057846392
9 129 1000 4127 0.063714263
41 129 1000 6 0.064532204
80 129 1000 2790 0.065855986
24 129 1000 132 0.069615150
69 129 1000 5 0.072217369
41 129 1000 5293 0.073395537
108 129 1000 6058 0.073634959
24 129 1000 1128 0.075094033
36 129 1000 4026 0.076170516
30 129 1000 1139 0.081157450
72 129 1000 3761 0.081366292
99 129 1000 406 0.084539927
113 129 1000 43 0.086186007
111 129 1000 80 0.093858039
45 129 1000 1 0.098182888
110 129 1000 3116 0.101491808
22 129 1000 18 0.108408889
71 129 1000 30 0.110999268
43 129 1000 423 0.111906799
29 129 1000 41 0.117714728
78 129 1000 126 0.120364808
107 129 1000 64 0.124575707
87 129 1000 472 0.126360555
11 129 1000 2194 0.129094664
92 129 1000 19 0.131039519
82 129 1000 3758 0.134312006
69 129 1000 21 0.135214613
16 129 1000 1769 0.147016335
51 129 1000 8 0.149179321
2 129 1000 14 0.151116528
24 129 1000 40 0.153432002
92 129 1000 1277 0.155284860
47 129 1000 6575 0.162672084
100 129 1000 30 0.168171884
88 129 1000 6 0.176352562
78 129 1000 66 0.178105470
45 129 1000 1 0.180657998
92 129 1000 1135 0.184862369
127 129 1000 25 0.186779464
118 129 1000 707 0.187990204
128 129 1000 10 0.190312186
58 129 1000 70 0.194240911
77 129 1000 4 0.194719190
12 129 1000 409 0.194817588
72 129 1000 1977 0.197123124
113 129 1000 36 0.197305416
72 129 1000 33 0.201630992
76 129 1000 5314 0.201732533
30 129 1000 3858 0.203349202
36 129 1000 16 0.204302403
42 129 1000 839 0.205273030
45 129 1000 5 0.207937081
71 129 1000 5 0.213934096
110 129 1000 774 0.215970238
89 129 1000 18 0.215984523
114 129 1000 55 0.230559270
19 129 1000 179 0.231962845
29 129 1000 1476 0.235154598
12 129 1000 47 0.236330321
114 129 1000 1694 0.244606869
32 129 1000 2846 0.248260007
113 129 1000 801 0.248995809
9 129 1000 7 0.259870266
110 129 1000 329 0.260520214
30 129 1000 351 0.264521021
85 129 1000 5 0.264976542
127 129 1000 494 0.265899368
71 129 1000 2299 0.267432758
74 129 1000 929 0.271017409
28 129 1000 46 0.276131729
49 129 1000 53 0.284580455
36 129 1000 30 0.284861392
110 129 1000 1124 0.287445302
104 129 1000 45 0.293305418
9 129 1000 6 0.294093498
38 129 1000 52 0.302860904
107 129 1000 5652 0.310690733
88 129 1000 28 0.312324970
114 129 1000 490 0.316600195
57 129 1000 14 0.317493801
125 129 1000 914 0.322759912
87 129 1000 109 0.327713909
40 129 1000 72 0.329379225
92 129 1000 13 0.329939175
32 129 1000 809 0.331279481
2 129 1000 572 0.334286874
17 129 1000 9 0.340451104
48 129 1000 714 0.340515159
127 129 1000 8 0.342480574
34 129 1000 15 0.343361344
91 129 1000 3887 0.344062539
28 129 1000 272 0.344237840
95 129 1000 113 0.346608067
76 129 1000 601 0.347579399
102 129 1000 37 0.347611955
54 129 1000 42 0.348358829
106 129 1000 8 0.357347751
128 129 1000 45 0.358068046
22 129 1000 4179 0.358926672
111 129 1000 18 0.366248465
126 129 1000 4851 0.370336630
80 129 1000 19 0.371790740
126 129 1000 94 0.372432483
34 129 1000 3 0.377927436
113 129 1000 1217 0.378536493
22 129 1000 4644 0.381197791
54 129 1000 202 0.387047291
60 129 1000 5009 0.389205272
37 129 1000 1817 0.398772993
5 129 1000 17 0.399860132
107 129 1000 41 0.400145279
32 129 1000 2492 0.402827442
128 129 1000 3 0.403310085
19 129 1000 622 0.404513598
95 129 1000 35 0.404900165
59 129 1000 218 0.405600954
43 129 1000 15 0.410948687
120 129 1000 61 0.427598670
2 129 1000 43 0.428370447
7 129 1000 26 0.430544757
102 129 1000 2 0.440275684
24 129 1000 1015 0.441501288
91 129 1000 4 0.448861285
85 129 1000 3502 0.449252301
91 129 1000 1860 0.452049697
57 129 1000 81 0.459945112
37 129 1000 3 0.459968120
60 129 1000 436 0.466778789
127 129 1000 19850 0.470853076
65 129 1000 36 0.471551307
30 129 1000 16 0.473291913
12 129 1000 229 0.485422141
91 129 1000 13 0.489847144
50 129 1000 26 0.493218948
82 129 1000 17687 0.500992094
80 129 1000 188 0.512809776
7 129 1000 17 0.513812621
10 129 1000 116 0.513906740
64 129 1000 18861 0.515266431
105 129 1000 1329 0.516875546
9 129 1000 19 0.519034108
11 129 1000 4 0.521176362
58 129 1000 29 0.535151911
34 129 1000 5 0.541864194
31 129 1000 5 0.547683350
68 129 1000 719 0.551790110
55 129 1000 1066 0.553179235
44 129 1000 29 0.555379344
65 129 1000 4 0.569428420
40 129 1000 9 0.572625083
100 129 1000 1384 0.577133289
25 129 1000 6 0.578886111
58 129 1000 1125 0.583350140
48 129 1000 1 0.590784874
8 129 1000 19 0.593258463
117 129 1000 5624 0.593824102
113 129 1000 3 0.594142444
22 129 1000 17 0.600073514
98 129 1000 54 0.603596908
31 129 1000 107 0.603897707
11 129 1000 47 0.604369489
20 129 1000 6008 0.611369209
36 129 1000 12 0.611897444
55 129 1000 119 0.615976194
26 129 1000 53 0.616743893
126 129 1000 3126 0.619518979
23 129 1000 1210 0.620618603
97 129 1000 638 0.623160741
9 129 1000 112 0.626512497
43 129 1000 18 0.635789297
5 129 1000 2895 0.635845803
49 129 1000 83 0.642146786
121 129 1000 15 0.646752132
33 129 1000 8818 0.647219584
86 129 1000 2486 0.652632865
96 129 1000 1132 0.655460518
57 129 1000 5 0.658742638
71 129 1000 45 0.659461238
85 129 1000 421 0.661123612
55 129 1000 1249 0.662524226
38 129 1000 4854 0.666228292
11 129 1000 49 0.667087356
104 129 1000 6 0.677771983
95 129 1000 20 0.680591504
88 129 1000 21 0.685958184
102 129 1000 1044 0.686256627
64 129 1000 4 0.689833867
105 129 1000 42 0.700698697
50 129 1000 120 0.710849009
86 129 1000 10 0.713745756
64 129 1000 17 0.716064820
23 129 1000 31 0.720608840
52 129 1000 179 0.735160594
54 129 1000 657 0.738096074
85 129 1000 52 0.742202595
2 129 1000 17 0.742521777
102 129 1000 2 0.752848354
102 129 1000 9 0.756151108
90 129 1000 3399 0.766701346
107 129 1000 8 0.771533226
78 129 1000 2057 0.792860090
23 129 1000 2186 0.797541820
121 129 1000 3 0.801667182
23 129 1000 7 0.808566980
91 129 1000 924 0.811089069
105 129 1000 2 0.830431253
105 129 1000 19466 0.834919945
91 129 1000 19810 0.848576918
114 129 1000 121 0.858622706
9 129 1000 128 0.890872330
90 129 1000 155 0.892445681
87 129 1000 15 0.898143781
87 129 1000 636 0.921192876
121 129 1000 18 0.932679178
53 129 1000 3 0.943449804
18 129 1000 18 0.947409432
102 129 1000 6 0.960448342
48 129 1000 661 0.965375792
37 129 1000 4 0.969382310
102 129 1000 13 0.971779565
109 129 1000 78 0.984967131
