400 
40 129 1000 7 0.000436056
43 129 1000 1 0.000548697
5 129 1000 1675 0.007218739
73 129 1000 78 0.007581121
113 129 1000 1 0.008145064
51 129 1000 6615 0.009532928
41 129 1000 3 0.009715616
77 129 1000 268 0.012730392
31 129 1000 109 0.013990930
61 129 1000 2825 0.014450016
86 129 1000 933 0.014473723
56 129 1000 14 0.015325474
59 129 1000 1 0.020411473
25 129 1000 12821 0.021293338
104 129 1000 6 0.025630518
44 129 1000 6085 0.027138414
126 129 1000 4738 0.027974296
10 129 1000 2920 0.028696485
46 129 1000 22 0.029307294
56 129 1000 3146 0.031455737
47 129 1000 1276 0.035692737
119 129 1000 10821 0.035962485
27 129 1000 122 0.038130328
36 129 1000 3 0.043205527
79 129 1000 10 0.044124088
107 129 1000 45 0.045026493
100 129 1000 15749 0.045033472
40 129 1000 4589 0.046533221
33 129 1000 16 0.049591184
29 129 1000 6 0.049621296
103 129 1000 46 0.049846830
58 129 1000 36 0.049901794
14 129 1000 46 0.053809212
75 129 1000 768 0.055543915
72 129 1000 1406 0.056455941
91 129 1000 6 0.056838758
7 129 1000 27 0.060717627
105 129 1000 1001 0.068857668
50 129 1000 86 0.073027953
46 129 1000 43 0.073737193
5 129 1000 13243 0.073946895
116 129 1000 4 0.080177003
53 129 1000 19 0.080405961
47 129 1000 37 0.081410019
39 129 1000 5 0.082738233
26 129 1000 17 0.084466350
57 129 1000 458 0.087058360
47 129 1000 46 0.089045743
9 129 1000 3219 0.089560367
95 129 1000 39 0.089942789
119 129 1000 41 0.093362837
92 129 1000 14 0.094261652
51 129 1000 779 0.094600029
109 129 1000 18 0.098047707
34 129 1000 586 0.100211450
83 129 1000 45 0.102941866
52 129 1000 3052 0.106215067
37 129 1000 3 0.106644529
62 129 1000 7 0.107480763
24 129 1000 47 0.111712140
14 129 1000 20 0.111753557
125 129 1000 45 0.117052468
113 129 1000 39 0.121360265
73 129 1000 101 0.122470699
9 129 1000 9379 0.128415957
41 129 1000 19 0.129818444
4 129 1000 13323 0.131359974
52 129 1000 4321 0.136487475
78 129 1000 136 0.138592530
100 129 1000 5 0.138915896
6 129 1000 503 0.139098157
108 129 1000 32 0.142551624
12 129 1000 5 0.145230578
101 129 1000 7 0.146110884
20 129 1000 33 0.147641585
51 129 1000 1170 0.148831062
91 129 1000 3 0.154310003
64 129 1000 15 0.157340581
60 129 1000 5 0.158932126
95 129 1000 826 0.158961338
78 129 1000 6738 0.161193608
72 129 1000 12 0.167469032
4 129 1000 14 0.167664162
104 129 1000 3466 0.171264954
37 129 1000 17 0.174545631
80 129 1000 1892 0.178122348
66 129 1000 983 0.179747798
29 129 1000 11075 0.184663242
70 129 1000 878 0.186152936
31 129 1000 309 0.186163450
23 129 1000 395 0.186417619
51 129 1000 39 0.187162825
125 129 1000 40 0.187653101
4 129 1000 342 0.189201278
72 129 1000 33 0.191474146
19 129 1000 14 0.195146159
28 129 1000 5 0.196233932
56 129 1000 19 0.196347909
11 129 1000 101 0.198987675
122 129 1000 2 0.200247643
105 129 1000 21 0.202737581
91 129 1000 5 0.202789864
104 129 1000 18 0.204102765
74 129 1000 58 0.206256702
67 129 1000 7660 0.208675955
21 129 1000 42 0.209310020
113 129 1000 15 0.210050591
24 129 1000 948 0.212717125
43 129 1000 3 0.215316105
126 129 1000 6 0.218675156
27 129 1000 16 0.218707727
21 129 1000 2520 0.219451938
16 129 1000 25 0.226822967
95 129 1000 19 0.228205742
62 129 1000 29 0.229368699
76 129 1000 44 0.231833094
52 129 1000 88 0.235616921
39 129 1000 6 0.238927945
8 129 1000 375 0.238991955
92 129 1000 5 0.248024522
51 129 1000 5 0.249127955
111 129 1000 5923 0.249266737
102 129 1000 5233 0.249822663
4 129 1000 2477 0.250310131
97 129 1000 246 0.252400990
27 129 1000 4 0.253829677
88 129 1000 5 0.257951441
7 129 1000 10897 0.261693586
51 129 1000 2194 0.265822786
80 129 1000 40 0.266951997
4 129 1000 20 0.267264161
93 129 1000 3801 0.268139916
84 129 1000 50 0.271896094
23 129 1000 1603 0.276965346
44 129 1000 17 0.277789636
31 129 1000 31 0.278260782
99 129 1000 2 0.280538782
63 129 1000 5 0.280849972
79 129 1000 317 0.284819259
14 129 1000 50 0.287229305
18 129 1000 25 0.287839622
51 129 1000 41 0.291947228
4 129 1000 31 0.293361754
107 129 1000 3 0.293409594
10 129 1000 4353 0.293528506
26 129 1000 901 0.301577193
68 129 1000 12 0.307802596
54 129 1000 164 0.309316076
76 129 1000 5 0.310153835
93 129 1000 50 0.311429604
101 129 1000 46 0.312934427
41 129 1000 2 0.315993212
17 129 1000 40 0.316275282
28 129 1000 8 0.318621659
24 129 1000 7 0.319556976
34 129 1000 2663 0.320991106
96 129 1000 3212 0.321843500
39 129 1000 30 0.339144014
127 129 1000 535 0.339590584
104 129 1000 7 0.343708653
65 129 1000 1277 0.344172113
99 129 1000 927 0.348333758
126 129 1000 80 0.350643932
78 129 1000 7 0.351494761
114 129 1000 6257 0.352316565
11 129 1000 659 0.352609664
102 129 1000 6 0.354009435
128 129 1000 1 0.355495268
11 129 1000 36 0.356192981
39 129 1000 1721 0.357655289
53 129 1000 49 0.358786124
40 129 1000 74 0.359944996
55 129 1000 6 0.362539676
61 129 1000 33 0.365157539
56 129 1000 1061 0.366009123
45 129 1000 263 0.366997869
19 129 1000 26 0.367194719
38 129 1000 1230 0.370394161
116 129 1000 39 0.371012830
102 129 1000 3051 0.371043717
91 129 1000 520 0.371703814
125 129 1000 20 0.371925481
112 129 1000 768 0.381073353
22 129 1000 2 0.382327741
41 129 1000 133 0.383239796
13 129 1000 4105 0.387823195
111 129 1000 380 0.388111909
119 129 1000 1618 0.388413009
37 129 1000 31 0.389003581
14 129 1000 1435 0.395750677
50 129 1000 1175 0.395771503
13 129 1000 887 0.396007636
18 129 1000 709 0.400856782
55 129 1000 5 0.401166034
116 129 1000 3 0.404880011
64 129 1000 297 0.406180991
114 129 1000 13 0.406315707
23 129 1000 35 0.406659648
40 129 1000 41 0.408358965
56 129 1000 6 0.409498955
27 129 1000 19101 0.409740034
80 129 1000 475 0.414588854
89 129 1000 24 0.417316567
16 129 1000 1055 0.417596678
88 129 1000 67 0.419646785
114 129 1000 36 0.422433474
72 129 1000 37 0.425991828
75 129 1000 125 0.429989745
114 129 1000 4 0.430683856
61 129 1000 32 0.433977386
38 129 1000 1 0.435407008
40 129 1000 17 0.440981233
7 129 1000 1847 0.441938653
93 129 1000 7465 0.443353010
50 129 1000 43 0.448068032
111 129 1000 5888 0.448238204
78 129 1000 4873 0.457278175
72 129 1000 1 0.459183026
64 129 1000 3 0.461994134
88 129 1000 870 0.462110769
6 129 1000 3036 0.462352842
122 129 1000 45 0.469210900
49 129 1000 140 0.470917478
89 129 1000 3 0.472353939
19 129 1000 53 0.472700811
104 129 1000 748 0.475427934
123 129 1000 6341 0.475734689
100 129 1000 24 0.476313155
110 129 1000 18 0.478609049
45 129 1000 44 0.479288870
102 129 1000 3 0.480732199
56 129 1000 54 0.480885657
5 129 1000 12 0.482713853
22 129 1000 31 0.483507820
72 129 1000 52 0.484547526
80 129 1000 1 0.488440045
79 129 1000 382 0.489084166
83 129 1000 90 0.489849340
29 129 1000 16713 0.492068652
116 129 1000 6 0.493537640
8 129 1000 78 0.497890108
80 129 1000 23 0.500170786
51 129 1000 6 0.500996664
107 129 1000 9 0.502740233
24 129 1000 2506 0.502984658
111 129 1000 46 0.503244825
113 129 1000 6065 0.504365362
54 129 1000 835 0.508553380
47 129 1000 28 0.510087679
86 129 1000 6095 0.515139782
9 129 1000 2816 0.516336966
69 129 1000 625 0.519362664
83 129 1000 16 0.521443653
19 129 1000 1 0.523733682
59 129 1000 3154 0.526224828
91 129 1000 385 0.526595543
61 129 1000 22 0.527186955
17 129 1000 85 0.533941170
127 129 1000 2153 0.535053201
80 129 1000 39 0.537920209
128 129 1000 52 0.539680864
115 129 1000 25 0.543277269
33 129 1000 4964 0.545510453
70 129 1000 804 0.549165322
62 129 1000 23 0.549725904
35 129 1000 1927 0.550980801
83 129 1000 22 0.558319482
69 129 1000 15 0.559741728
53 129 1000 5172 0.562140570
125 129 1000 48 0.564455992
52 129 1000 115 0.565227734
24 129 1000 11 0.565436907
73 129 1000 412 0.566024775
96 129 1000 5 0.566788661
94 129 1000 295 0.570214661
102 129 1000 5604 0.570360824
69 129 1000 5051 0.576082429
126 129 1000 336 0.578093630
34 129 1000 3437 0.578612384
48 129 1000 3392 0.581311139
98 129 1000 5 0.588654652
57 129 1000 394 0.588816031
23 129 1000 531 0.591636295
5 129 1000 672 0.592320218
105 129 1000 3868 0.594987669
53 129 1000 1389 0.598502153
122 129 1000 1806 0.602150197
84 129 1000 4 0.602242058
92 129 1000 18 0.602454095
8 129 1000 19 0.608775117
82 129 1000 39 0.612160268
58 129 1000 52 0.612900756
111 129 1000 5 0.615089727
63 129 1000 52 0.615227502
101 129 1000 2196 0.624400223
48 129 1000 1 0.625940862
111 129 1000 27 0.628283922
12 129 1000 18 0.633982131
123 129 1000 9 0.637811676
27 129 1000 1 0.644192492
44 129 1000 19567 0.646309718
52 129 1000 459 0.648148850
90 129 1000 21 0.650245860
24 129 1000 350 0.651696959
15 129 1000 25 0.652847145
27 129 1000 323 0.654256122
121 129 1000 15 0.655506262
101 129 1000 15 0.656733514
65 129 1000 4749 0.657032286
64 129 1000 12 0.657733883
48 129 1000 2932 0.658122282
11 129 1000 517 0.660928989
82 129 1000 1 0.662969336
90 129 1000 10 0.663039102
44 129 1000 10806 0.663382192
119 129 1000 39 0.665606454
87 129 1000 2871 0.668257655
48 129 1000 204 0.669686654
118 129 1000 21 0.671157174
63 129 1000 4 0.673293760
99 129 1000 100 0.676720386
124 129 1000 53 0.677213606
5 129 1000 1 0.679032822
127 129 1000 1323 0.684526857
90 129 1000 3278 0.684527002
71 129 1000 13 0.684555578
91 129 1000 3469 0.685584672
73 129 1000 1 0.694742749
34 129 1000 32 0.696305297
11 129 1000 14 0.700316158
82 129 1000 936 0.700440991
64 129 1000 45 0.717137713
15 129 1000 12459 0.723073109
97 129 1000 560 0.724976465
111 129 1000 324 0.725223506
63 129 1000 6646 0.727030350
93 129 1000 32 0.727095718
48 129 1000 6 0.727658303
118 129 1000 1305 0.727825334
68 129 1000 13363 0.728078343
63 129 1000 1584 0.732587489
65 129 1000 541 0.732728953
122 129 1000 110 0.734051830
51 129 1000 5 0.734947118
63 129 1000 4 0.737586830
65 129 1000 45 0.738500857
98 129 1000 24 0.738925937
57 129 1000 2589 0.741773095
111 129 1000 12219 0.743758183
120 129 1000 10 0.749250357
98 129 1000 4 0.753368340
82 129 1000 544 0.754237945
115 129 1000 1 0.755331749
64 129 1000 1027 0.755535365
126 129 1000 3 0.759662794
5 129 1000 48 0.761369544
122 129 1000 1051 0.761893344
91 129 1000 10 0.765810048
127 129 1000 1070 0.767033924
128 129 1000 3 0.768840979
41 129 1000 777 0.769227195
86 129 1000 24 0.770789114
115 129 1000 2434 0.776290398
7 129 1000 26 0.776317259
54 129 1000 99 0.780580033
30 129 1000 44 0.781483757
33 129 1000 31 0.786245815
128 129 1000 5 0.787570049
42 129 1000 5784 0.790653259
107 129 1000 105 0.797394088
94 129 1000 63 0.799760535
91 129 1000 19 0.802668925
65 129 1000 5188 0.812322974
102 129 1000 2 0.822288702
11 129 1000 4196 0.826557241
11 129 1000 48 0.826988785
74 129 1000 3445 0.827430395
43 129 1000 22 0.838449560
55 129 1000 535 0.838902023
43 129 1000 26 0.846566163
122 129 1000 13 0.850420099
35 129 1000 11 0.864259717
120 129 1000 1922 0.864359278
33 129 1000 452 0.866912766
128 129 1000 91 0.872502287
15 129 1000 144 0.879745161
70 129 1000 847 0.881620088
20 129 1000 746 0.890690540
50 129 1000 16 0.896486885
12 129 1000 2892 0.904870561
44 129 1000 30 0.918252961
38 129 1000 1 0.927056662
38 129 1000 2313 0.927800134
128 129 1000 40 0.929074657
43 129 1000 32 0.935107796
7 129 1000 34 0.941665099
127 129 1000 51 0.947271499
74 129 1000 112 0.949084740
38 129 1000 2 0.951876797
94 129 1000 69 0.982087683
