122 
104 129 1000 189 0.000271112
76 129 1000 12238 0.005352067
13 129 1000 5991 0.007035139
125 129 1000 29 0.008284178
63 129 1000 2 0.021819411
84 129 1000 1136 0.030271426
75 129 1000 33 0.032483142
69 129 1000 5581 0.032588782
63 129 1000 2 0.033122755
50 129 1000 5902 0.040341298
83 129 1000 20 0.045838581
55 129 1000 1053 0.059149836
100 129 1000 561 0.084312986
74 129 1000 5 0.095349959
38 129 1000 5 0.097324180
5 129 1000 4 0.098970061
41 129 1000 14 0.104026456
84 129 1000 2555 0.104563934
110 129 1000 58 0.107105082
55 129 1000 5 0.125220425
73 129 1000 36 0.126727596
41 129 1000 4795 0.129091227
111 129 1000 71 0.129345532
84 129 1000 14 0.154420707
123 129 1000 1196 0.164810520
37 129 1000 5 0.172315718
111 129 1000 254 0.173599035
123 129 1000 46 0.176269574
25 129 1000 411 0.186667316
39 129 1000 11 0.187964670
125 129 1000 38 0.209509410
109 129 1000 14 0.212711260
128 129 1000 17 0.212942719
88 129 1000 40 0.224486883
63 129 1000 39 0.226567365
26 129 1000 7 0.233154413
64 129 1000 1 0.238299843
49 129 1000 432 0.238610684
103 129 1000 5 0.264500219
111 129 1000 3 0.269089504
91 129 1000 854 0.269566411
49 129 1000 609 0.269746703
56 129 1000 4328 0.270961564
36 129 1000 45 0.271814331
74 129 1000 19 0.299118088
92 129 1000 1580 0.310198765
45 129 1000 17 0.314151985
86 129 1000 4209 0.327202090
35 129 1000 15 0.329130559
1 129 1000 24 0.331124659
6 129 1000 25 0.345535056
83 129 1000 6516 0.346676981
64 129 1000 2 0.347167411
41 129 1000 443 0.365840117
82 129 1000 15 0.372624322
9 129 1000 2685 0.372788407
61 129 1000 7524 0.374578803
63 129 1000 16381 0.382275299
54 129 1000 903 0.387459760
30 129 1000 31 0.395724078
17 129 1000 1317 0.402430778
26 129 1000 37 0.403839560
81 129 1000 4 0.404390090
126 129 1000 20 0.414910760
9 129 1000 3 0.417115269
32 129 1000 21 0.418411124
118 129 1000 15 0.421547986
128 129 1000 4357 0.423279799
70 129 1000 8 0.429614873
59 129 1000 2618 0.433893884
59 129 1000 1964 0.442933594
110 129 1000 2124 0.445524350
86 129 1000 13710 0.446636941
47 129 1000 29 0.451939246
10 129 1000 6625 0.455266767
120 129 1000 1263 0.468664615
54 129 1000 5 0.472056111
81 129 1000 2803 0.475398379
99 129 1000 15 0.485788834
99 129 1000 32 0.492304089
70 129 1000 6543 0.503477170
4 129 1000 4260 0.504395601
92 129 1000 44 0.504808969
64 129 1000 7 0.510332866
68 129 1000 139 0.511924790
32 129 1000 1045 0.515891641
49 129 1000 4428 0.518468615
118 129 1000 9 0.519841392
91 129 1000 998 0.526543386
46 129 1000 216 0.536388619
118 129 1000 20 0.550765068
69 129 1000 37 0.553894622
74 129 1000 3095 0.581439086
106 129 1000 12350 0.599197343
49 129 1000 52 0.628042897
118 129 1000 425 0.648117683
119 129 1000 184 0.677868918
40 129 1000 583 0.687261374
64 129 1000 52 0.701119595
123 129 1000 379 0.705693056
64 129 1000 1307 0.723559954
64 129 1000 167 0.723725675
80 129 1000 26 0.727918841
58 129 1000 16 0.735192144
90 129 1000 240 0.737520099
40 129 1000 14 0.739760264
80 129 1000 50 0.753447185
126 129 1000 474 0.762093249
128 129 1000 15 0.762376032
54 129 1000 970 0.784344517
118 129 1000 418 0.806460382
55 129 1000 1152 0.837276323
110 129 1000 2566 0.847655019
30 129 1000 8 0.848878523
40 129 1000 392 0.857398903
10 129 1000 769 0.872578646
72 129 1000 4 0.882178365
37 129 1000 106 0.903370600
40 129 1000 1732 0.915108974
41 129 1000 6 0.933952095
41 129 1000 2095 0.967505023
22 129 1000 47 0.976404148
