543 
77 129 1000 5828 0.000520904
87 129 1000 14 0.001517873
96 129 1000 252 0.005093388
128 129 1000 52 0.007585499
96 129 1000 3 0.009104035
57 129 1000 16 0.009926250
1 129 1000 6 0.010658701
17 129 1000 14 0.011820118
19 129 1000 53 0.012387850
125 129 1000 741 0.014018327
23 129 1000 2229 0.016751928
51 129 1000 22 0.017004350
89 129 1000 762 0.020117389
4 129 1000 7951 0.020950609
113 129 1000 5 0.021531068
126 129 1000 934 0.024429294
91 129 1000 421 0.025276283
30 129 1000 1228 0.026759793
103 129 1000 29 0.027515047
117 129 1000 4 0.028593433
72 129 1000 771 0.030001480
86 129 1000 1172 0.031351926
33 129 1000 52 0.035337200
116 129 1000 2040 0.037091544
73 129 1000 2 0.040286851
49 129 1000 862 0.051466712
58 129 1000 36 0.055025607
29 129 1000 379 0.057877153
45 129 1000 511 0.058678167
2 129 1000 3256 0.060008880
2 129 1000 2261 0.063576479
55 129 1000 50 0.065363881
52 129 1000 15 0.067400485
72 129 1000 31 0.069558954
99 129 1000 2365 0.070316112
93 129 1000 75 0.071838442
13 129 1000 36 0.072148065
43 129 1000 3 0.075598170
27 129 1000 14123 0.076925919
76 129 1000 7 0.077516134
59 129 1000 14 0.077868542
32 129 1000 3 0.078467559
96 129 1000 23 0.079101914
78 129 1000 26 0.080789427
124 129 1000 14 0.082672028
53 129 1000 25 0.083382787
17 129 1000 149 0.084756719
42 129 1000 5412 0.086651594
72 129 1000 7 0.087726605
28 129 1000 33 0.088742637
86 129 1000 36 0.090208819
108 129 1000 3782 0.091595287
83 129 1000 4 0.091956046
123 129 1000 1 0.095847269
123 129 1000 159 0.099061252
32 129 1000 2418 0.103165806
32 129 1000 1282 0.104409131
26 129 1000 3 0.105007125
126 129 1000 1160 0.109510984
42 129 1000 30 0.111785712
39 129 1000 39 0.112819622
38 129 1000 3111 0.113951882
36 129 1000 30 0.115009459
34 129 1000 25 0.115069297
63 129 1000 84 0.115257343
9 129 1000 402 0.116957970
10 129 1000 10 0.119241263
19 129 1000 19 0.119724809
1 129 1000 1291 0.123261162
116 129 1000 1666 0.123909535
60 129 1000 2219 0.125190762
39 129 1000 648 0.125450018
105 129 1000 6496 0.126682261
84 129 1000 18 0.128342845
91 129 1000 90 0.131679483
93 129 1000 113 0.131855554
5 129 1000 973 0.132472147
72 129 1000 1027 0.132517421
7 129 1000 100 0.133632434
76 129 1000 18 0.134367343
118 129 1000 412 0.135388944
30 129 1000 18 0.137890837
42 129 1000 2 0.138285458
77 129 1000 17 0.142582762
67 129 1000 1296 0.143291084
103 129 1000 25 0.146564343
44 129 1000 163 0.147611988
105 129 1000 2854 0.149380497
123 129 1000 6 0.151107010
127 129 1000 16 0.154030233
91 129 1000 49 0.161568846
117 129 1000 18 0.161778505
30 129 1000 66 0.162269812
42 129 1000 27 0.166166816
81 129 1000 1304 0.168037859
11 129 1000 5 0.175668205
45 129 1000 626 0.176806195
96 129 1000 18653 0.177463558
116 129 1000 3292 0.177986394
78 129 1000 16 0.180115494
92 129 1000 8290 0.182164172
30 129 1000 42 0.182907794
126 129 1000 58 0.184108541
43 129 1000 4989 0.185413423
35 129 1000 3619 0.187780006
55 129 1000 109 0.188277541
128 129 1000 46 0.188729783
19 129 1000 5 0.190193625
106 129 1000 6568 0.190418847
41 129 1000 5906 0.190813929
102 129 1000 7 0.191099960
122 129 1000 44 0.191448175
3 129 1000 702 0.191497292
33 129 1000 44 0.192431447
18 129 1000 1417 0.192677146
119 129 1000 3 0.192733884
95 129 1000 31 0.193508448
112 129 1000 19 0.193994083
87 129 1000 44 0.194361623
31 129 1000 33 0.196417546
126 129 1000 34 0.197544740
71 129 1000 11487 0.198155556
22 129 1000 269 0.203011154
119 129 1000 5 0.204830045
40 129 1000 82 0.207942137
3 129 1000 653 0.209171246
56 129 1000 6 0.211337167
52 129 1000 36 0.213343383
26 129 1000 4 0.213771499
85 129 1000 5271 0.216624573
107 129 1000 32 0.217171370
5 129 1000 110 0.218791387
56 129 1000 22 0.219358992
89 129 1000 5 0.220833833
39 129 1000 328 0.221055198
49 129 1000 19 0.221589096
77 129 1000 33 0.222474382
43 129 1000 5 0.223768785
102 129 1000 5 0.229765058
37 129 1000 2 0.230799694
108 129 1000 1196 0.231334895
75 129 1000 1915 0.231626923
22 129 1000 13 0.232318352
89 129 1000 405 0.232941916
92 129 1000 16 0.233363287
68 129 1000 9828 0.235240966
53 129 1000 16 0.235352666
67 129 1000 61 0.236197829
117 129 1000 15459 0.237824215
97 129 1000 1026 0.238316805
4 129 1000 46 0.238995253
122 129 1000 1904 0.240245277
29 129 1000 3121 0.240414759
91 129 1000 1904 0.242008001
4 129 1000 8569 0.245488350
118 129 1000 33 0.246134247
96 129 1000 4504 0.247919107
112 129 1000 38 0.248199606
4 129 1000 671 0.249763342
73 129 1000 6047 0.250600515
60 129 1000 15 0.255073407
120 129 1000 11 0.255368802
83 129 1000 531 0.255685209
49 129 1000 3 0.260424865
65 129 1000 32 0.260994301
54 129 1000 15936 0.263443085
127 129 1000 36 0.266791129
55 129 1000 19 0.268577682
92 129 1000 11 0.269824153
104 129 1000 288 0.274050422
70 129 1000 1788 0.274487558
41 129 1000 32 0.274972596
103 129 1000 10 0.277124260
12 129 1000 922 0.277128185
46 129 1000 58 0.278550637
104 129 1000 19 0.278670854
7 129 1000 1258 0.279133059
87 129 1000 333 0.279678331
69 129 1000 2 0.281286234
64 129 1000 256 0.282618124
20 129 1000 16 0.283755865
105 129 1000 43 0.284578422
54 129 1000 1954 0.286107383
13 129 1000 47 0.286357808
95 129 1000 797 0.286867762
125 129 1000 53 0.287840495
98 129 1000 8989 0.288798845
76 129 1000 17 0.288856506
105 129 1000 72 0.290669318
14 129 1000 16 0.292403941
116 129 1000 37 0.292494200
106 129 1000 2485 0.292732011
43 129 1000 13 0.293691075
72 129 1000 4 0.295159728
108 129 1000 705 0.295449436
5 129 1000 207 0.298443682
64 129 1000 1703 0.299481895
83 129 1000 5 0.300407374
87 129 1000 51 0.305347902
15 129 1000 37 0.305486765
73 129 1000 753 0.306966162
94 129 1000 1079 0.312166539
53 129 1000 15 0.312261830
127 129 1000 230 0.314443023
88 129 1000 22 0.314752754
38 129 1000 1818 0.315192983
124 129 1000 755 0.315213429
104 129 1000 780 0.317078441
81 129 1000 52 0.317712679
109 129 1000 1240 0.318256350
74 129 1000 1101 0.318846017
115 129 1000 1 0.320548352
60 129 1000 653 0.320959181
71 129 1000 3064 0.321620506
81 129 1000 5 0.321771419
89 129 1000 11 0.328210397
104 129 1000 602 0.328922886
81 129 1000 1076 0.331687573
47 129 1000 98 0.333874999
59 129 1000 13 0.334285424
19 129 1000 14 0.338347474
95 129 1000 14 0.340702036
11 129 1000 8 0.340867703
13 129 1000 38 0.341636131
49 129 1000 36 0.342409237
27 129 1000 42 0.344753579
36 129 1000 8899 0.345382650
114 129 1000 7385 0.346038868
83 129 1000 19 0.346084616
31 129 1000 16 0.347819702
60 129 1000 39 0.349307950
119 129 1000 162 0.352732702
109 129 1000 6 0.352903267
62 129 1000 212 0.353637821
43 129 1000 1254 0.354116776
113 129 1000 1023 0.355130192
86 129 1000 3540 0.355408474
13 129 1000 17 0.356602974
46 129 1000 28 0.356892817
43 129 1000 1 0.358349108
75 129 1000 70 0.359265615
69 129 1000 14 0.359366829
72 129 1000 5 0.359526030
63 129 1000 1097 0.360125402
127 129 1000 2 0.360127482
106 129 1000 114 0.361376097
81 129 1000 5 0.363534480
37 129 1000 19 0.364065491
23 129 1000 49 0.365791752
22 129 1000 2334 0.367947081
46 129 1000 123 0.370536726
21 129 1000 2351 0.371214962
56 129 1000 3600 0.371789950
94 129 1000 529 0.371935901
36 129 1000 7 0.373037391
89 129 1000 6 0.375795315
78 129 1000 381 0.379439425
48 129 1000 494 0.379520207
75 129 1000 22 0.381474174
126 129 1000 2951 0.382436521
74 129 1000 18211 0.385110981
108 129 1000 1532 0.390622657
108 129 1000 53 0.391033789
89 129 1000 648 0.392195883
61 129 1000 2238 0.395251146
104 129 1000 24 0.396100769
69 129 1000 16 0.398367764
114 129 1000 16 0.398590186
54 129 1000 5 0.400443020
97 129 1000 3218 0.401977406
36 129 1000 5 0.402540018
16 129 1000 1771 0.403036903
77 129 1000 1 0.405132524
75 129 1000 49 0.405279975
90 129 1000 342 0.405346158
110 129 1000 687 0.408388101
42 129 1000 1114 0.409392014
107 129 1000 3454 0.409775752
72 129 1000 2 0.413815335
115 129 1000 5 0.414176720
10 129 1000 839 0.414834036
64 129 1000 26 0.417310587
121 129 1000 4 0.417525747
82 129 1000 18943 0.421957817
7 129 1000 40 0.425339020
52 129 1000 860 0.426267924
84 129 1000 1192 0.427140200
76 129 1000 23 0.427516538
84 129 1000 61 0.427772099
39 129 1000 3 0.427984318
15 129 1000 1078 0.428414734
100 129 1000 9 0.428821519
42 129 1000 30 0.430995248
62 129 1000 41 0.431067417
29 129 1000 51 0.432376123
89 129 1000 12 0.432527300
84 129 1000 17 0.436943153
17 129 1000 23 0.439339658
126 129 1000 46 0.439752273
35 129 1000 913 0.441913391
56 129 1000 502 0.442426046
58 129 1000 185 0.443024408
100 129 1000 17 0.445701004
89 129 1000 6 0.448307679
44 129 1000 6659 0.449379949
71 129 1000 260 0.449488151
59 129 1000 1231 0.449724870
15 129 1000 29 0.458521008
96 129 1000 7 0.460337596
32 129 1000 808 0.460372010
24 129 1000 1035 0.461721864
93 129 1000 21 0.462740049
3 129 1000 47 0.465043393
32 129 1000 87 0.465451841
25 129 1000 19 0.465644383
78 129 1000 4384 0.469188244
118 129 1000 1 0.469251043
67 129 1000 2097 0.472575772
48 129 1000 287 0.474488036
86 129 1000 1 0.475489802
127 129 1000 4 0.476674436
65 129 1000 3885 0.479046779
71 129 1000 33 0.482982582
22 129 1000 2366 0.482998959
62 129 1000 11 0.485916255
105 129 1000 80 0.485964650
96 129 1000 5825 0.486562460
92 129 1000 5 0.486909704
3 129 1000 656 0.489983667
59 129 1000 10 0.493764456
87 129 1000 476 0.497765459
28 129 1000 3512 0.499996635
117 129 1000 28 0.501073248
1 129 1000 20 0.501755321
29 129 1000 90 0.502324750
86 129 1000 15 0.507577179
113 129 1000 28 0.507800123
2 129 1000 16 0.509078482
99 129 1000 52 0.510699910
89 129 1000 6 0.510947097
3 129 1000 44 0.515940229
16 129 1000 15 0.516213728
124 129 1000 3524 0.517547583
2 129 1000 6166 0.519376394
32 129 1000 15 0.520586848
95 129 1000 4135 0.521045895
4 129 1000 86 0.521273349
42 129 1000 5413 0.522803423
44 129 1000 360 0.523857817
127 129 1000 3227 0.524327038
44 129 1000 533 0.527687241
10 129 1000 1558 0.529065588
31 129 1000 25 0.529273644
42 129 1000 2201 0.531128878
68 129 1000 680 0.533463420
120 129 1000 12 0.534131999
119 129 1000 1 0.534431878
43 129 1000 918 0.535785058
112 129 1000 1 0.536723814
93 129 1000 2 0.536741574
30 129 1000 5 0.537067287
65 129 1000 60 0.541088891
1 129 1000 391 0.546288809
109 129 1000 5165 0.547607170
70 129 1000 41 0.550811899
97 129 1000 7 0.552622145
93 129 1000 1105 0.555825948
7 129 1000 5681 0.557509638
95 129 1000 74 0.557627606
50 129 1000 48 0.560401170
94 129 1000 20 0.560616381
107 129 1000 19 0.564481917
82 129 1000 16 0.566488373
5 129 1000 7165 0.569421455
55 129 1000 5 0.573908849
45 129 1000 7 0.575460421
38 129 1000 10 0.577658792
99 129 1000 2854 0.579930358
93 129 1000 660 0.580043049
85 129 1000 49 0.583115920
99 129 1000 6 0.583837929
102 129 1000 7 0.586502766
34 129 1000 1253 0.587054010
68 129 1000 23 0.588731839
34 129 1000 4584 0.590989089
71 129 1000 375 0.592551349
26 129 1000 20 0.594230126
22 129 1000 1051 0.595401000
4 129 1000 7 0.596780754
92 129 1000 49 0.598555986
58 129 1000 99 0.598880742
31 129 1000 901 0.599266794
32 129 1000 133 0.601106356
116 129 1000 11 0.605039200
48 129 1000 15734 0.606873568
70 129 1000 7 0.608819524
61 129 1000 737 0.611368217
112 129 1000 16236 0.611396531
2 129 1000 10 0.615034074
28 129 1000 612 0.615967832
7 129 1000 2616 0.619468721
94 129 1000 18 0.620259929
38 129 1000 1919 0.620686245
38 129 1000 24 0.625361182
92 129 1000 6 0.628105513
122 129 1000 406 0.634629955
70 129 1000 476 0.635954917
30 129 1000 218 0.637495882
118 129 1000 29 0.637709020
86 129 1000 1276 0.637966081
80 129 1000 2 0.640879072
100 129 1000 28 0.643760248
89 129 1000 18410 0.644606508
59 129 1000 14 0.651515673
78 129 1000 5 0.651557308
94 129 1000 8 0.651775145
125 129 1000 7426 0.652531039
38 129 1000 3302 0.658935659
16 129 1000 16 0.659101016
105 129 1000 686 0.664387860
37 129 1000 41 0.665962572
84 129 1000 10 0.667967661
90 129 1000 27 0.668091293
2 129 1000 3 0.669496168
92 129 1000 18479 0.670621210
12 129 1000 12 0.678521396
17 129 1000 1976 0.680614680
89 129 1000 2 0.684127299
108 129 1000 5 0.685648374
21 129 1000 26 0.685902071
108 129 1000 14 0.687084329
69 129 1000 3 0.687504045
93 129 1000 67 0.687585054
53 129 1000 31 0.687856040
105 129 1000 4416 0.688942271
73 129 1000 10186 0.689101417
65 129 1000 26 0.690079605
49 129 1000 52 0.690376687
15 129 1000 9 0.691702960
30 129 1000 19 0.695984656
89 129 1000 24 0.696399455
38 129 1000 1980 0.696742538
21 129 1000 2365 0.699164513
73 129 1000 6161 0.702068134
6 129 1000 360 0.702695483
59 129 1000 45 0.704324964
19 129 1000 4 0.707483631
64 129 1000 19 0.708387597
43 129 1000 2712 0.709094373
99 129 1000 3 0.715010517
128 129 1000 5 0.716111335
116 129 1000 997 0.718415894
101 129 1000 39 0.727492333
105 129 1000 85 0.732215735
12 129 1000 3 0.733224628
121 129 1000 233 0.734754079
90 129 1000 17 0.735039885
55 129 1000 699 0.740977395
108 129 1000 23 0.742755032
13 129 1000 5031 0.743651953
106 129 1000 374 0.745569704
92 129 1000 2425 0.748266678
22 129 1000 30 0.749615240
62 129 1000 2473 0.750631671
100 129 1000 24 0.755744667
38 129 1000 692 0.757813022
43 129 1000 4 0.757913653
60 129 1000 15 0.761023097
36 129 1000 54 0.766228712
1 129 1000 4700 0.766238029
121 129 1000 9 0.768282907
2 129 1000 61 0.768309036
108 129 1000 37 0.770620685
59 129 1000 4554 0.771563617
2 129 1000 11 0.772083394
52 129 1000 4510 0.773188404
62 129 1000 8382 0.773828651
6 129 1000 392 0.776220235
108 129 1000 8 0.778354568
110 129 1000 91 0.779109753
71 129 1000 15 0.779529147
6 129 1000 16 0.784396657
65 129 1000 4 0.784984508
107 129 1000 2607 0.785067671
93 129 1000 25 0.785686205
31 129 1000 1 0.786834596
36 129 1000 32 0.788512463
115 129 1000 2864 0.788672397
125 129 1000 18 0.790569768
126 129 1000 9392 0.791399460
60 129 1000 7 0.794081937
34 129 1000 742 0.800787181
40 129 1000 29 0.802176270
49 129 1000 1344 0.802614157
80 129 1000 1954 0.804319341
93 129 1000 2811 0.806602060
125 129 1000 218 0.821139201
69 129 1000 569 0.821562067
34 129 1000 10 0.825395220
7 129 1000 24 0.829328840
93 129 1000 979 0.829430346
26 129 1000 124 0.834527544
98 129 1000 22 0.835095768
1 129 1000 513 0.835827238
15 129 1000 4951 0.837607921
125 129 1000 40 0.837871125
105 129 1000 3178 0.841900996
102 129 1000 3990 0.845195987
26 129 1000 1319 0.853306666
36 129 1000 3 0.853404312
26 129 1000 6 0.855280595
112 129 1000 17856 0.857595040
1 129 1000 964 0.858881716
99 129 1000 17 0.859339968
65 129 1000 618 0.864422143
109 129 1000 3 0.866898932
49 129 1000 100 0.867249487
68 129 1000 2 0.869083392
86 129 1000 876 0.871403592
60 129 1000 858 0.871463744
91 129 1000 10 0.874148741
46 129 1000 32 0.874193091
97 129 1000 254 0.877431900
91 129 1000 19 0.886091794
65 129 1000 1483 0.893565197
16 129 1000 7 0.894209563
74 129 1000 52 0.900049960
69 129 1000 1224 0.906452304
69 129 1000 16788 0.909710629
47 129 1000 19 0.910098414
3 129 1000 42 0.911668334
47 129 1000 96 0.911865524
42 129 1000 7 0.915814617
11 129 1000 32 0.920877646
42 129 1000 2799 0.921162785
96 129 1000 2186 0.921913361
36 129 1000 2 0.925774789
96 129 1000 20 0.927979396
55 129 1000 14 0.938185715
29 129 1000 24 0.947662745
61 129 1000 116 0.948495605
43 129 1000 395 0.953551221
65 129 1000 1 0.964190950
