879
48 129 1000 7 0.000123139
90 129 1000 40 0.000385550
62 129 1000 135 0.000838235
11 129 1000 48 0.006830817
108 129 1000 5 0.006876160
112 129 1000 358 0.010250881
81 129 1000 122 0.014684362
67 129 1000 32 0.018975523
94 129 1000 87 0.021265332
69 129 1000 26 0.023141577
67 129 1000 6 0.023243400
61 129 1000 16 0.039537001
126 129 1000 444 0.039671676
20 129 1000 267 0.039816355
107 129 1000 2467 0.040333533
56 129 1000 44 0.044672353
80 129 1000 43 0.044928605
110 129 1000 21 0.045044476
7 129 1000 2002 0.053439963
2 129 1000 700 0.060284976
83 129 1000 2639 0.060548682
31 129 1000 8316 0.061967243
4 129 1000 720 0.063451259
49 129 1000 892 0.063904069
128 129 1000 14 0.066609294
96 129 1000 23 0.066609842
32 129 1000 2578 0.069717798
123 129 1000 556 0.070471876
80 129 1000 45 0.076800355
117 129 1000 3542 0.078322306
62 129 1000 52 0.079419551
66 129 1000 3575 0.080426106
122 129 1000 18 0.080672585
31 129 1000 2769 0.080781164
84 129 1000 44 0.083633916
23 129 1000 551 0.083711015
102 129 1000 31 0.084725920
127 129 1000 947 0.091674216
49 129 1000 3 0.091712981
116 129 1000 276 0.092587639
20 129 1000 45 0.093939156
61 129 1000 15 0.102159056
51 129 1000 6 0.102337225
40 129 1000 20 0.103232306
98 129 1000 162 0.104030356
36 129 1000 2040 0.104826071
39 129 1000 1923 0.105081659
44 129 1000 3000 0.105847640
86 129 1000 1130 0.111086623
10 129 1000 4992 0.111268034
77 129 1000 20 0.115977450
25 129 1000 1413 0.120264761
113 129 1000 22 0.120668316
16 129 1000 2282 0.120809074
104 129 1000 2176 0.122610116
124 129 1000 1 0.125591598
29 129 1000 1244 0.130826566
76 129 1000 46 0.131005924
122 129 1000 16704 0.136966121
78 129 1000 12658 0.138823888
24 129 1000 20 0.139076591
16 129 1000 17 0.139515943
125 129 1000 21 0.139608019
22 129 1000 625 0.141582521
45 129 1000 656 0.142785167
57 129 1000 2014 0.142789191
98 129 1000 635 0.145562408
122 129 1000 6479 0.148729802
14 129 1000 1325 0.149576614
87 129 1000 51 0.158178408
9 129 1000 23 0.158694519
16 129 1000 3248 0.160235689
52 129 1000 4643 0.160435336
90 129 1000 1280 0.161230784
26 129 1000 432 0.161293570
43 129 1000 2968 0.162184982
115 129 1000 13 0.162545136
75 129 1000 5 0.171091364
126 129 1000 54 0.171202808
77 129 1000 4040 0.173914404
51 129 1000 1 0.177480348
68 129 1000 3 0.180533397
16 129 1000 1288 0.181342404
128 129 1000 542 0.182500795
125 129 1000 145 0.183398369
86 129 1000 26 0.183440516
121 129 1000 217 0.185312700
102 129 1000 1 0.185619002
68 129 1000 43 0.188285054
108 129 1000 20 0.189897606
77 129 1000 660 0.192118469
27 129 1000 17 0.193268540
98 129 1000 29 0.194184141
35 129 1000 12 0.194778886
61 129 1000 10 0.195357878
79 129 1000 20 0.197021922
26 129 1000 709 0.197973676
19 129 1000 235 0.204263778
71 129 1000 2182 0.206075568
68 129 1000 10 0.209190407
24 129 1000 5 0.216817259
45 129 1000 3184 0.217066147
118 129 1000 245 0.221258526
85 129 1000 6602 0.222360855
8 129 1000 2395 0.224300091
125 129 1000 2322 0.224377025
120 129 1000 761 0.226094581
28 129 1000 192 0.227823675
51 129 1000 28 0.231867887
109 129 1000 1088 0.232801964
81 129 1000 3268 0.245658519
19 129 1000 6450 0.246734831
7 129 1000 40 0.248869180
93 129 1000 3 0.252329340
55 129 1000 2778 0.253912241
29 129 1000 1243 0.258011590
5 129 1000 601 0.258916679
118 129 1000 3216 0.259517651
58 129 1000 1633 0.260059105
38 129 1000 2 0.262728984
126 129 1000 46 0.264307427
60 129 1000 5 0.265580036
125 129 1000 923 0.266241709
29 129 1000 4577 0.278511617
11 129 1000 42 0.279526286
111 129 1000 3056 0.281333267
11 129 1000 8 0.282636724
28 129 1000 16 0.284360418
22 129 1000 48 0.289549510
82 129 1000 3054 0.290464806
59 129 1000 32 0.294861243
128 129 1000 29 0.295913672
103 129 1000 31 0.299017617
60 129 1000 28 0.299676707
59 129 1000 1 0.299988794
20 129 1000 19 0.302604674
36 129 1000 6 0.303486800
128 129 1000 2275 0.305809205
80 129 1000 2914 0.306116248
41 129 1000 15 0.310999552
109 129 1000 3199 0.313126338
115 129 1000 67 0.314111381
51 129 1000 49 0.316925025
59 129 1000 67 0.321567133
23 129 1000 10 0.324668940
77 129 1000 15338 0.324930117
88 129 1000 58 0.325433869
86 129 1000 1171 0.327431352
59 129 1000 23 0.330394795
40 129 1000 1325 0.330978321
28 129 1000 121 0.332866608
5 129 1000 17 0.338033002
19 129 1000 3 0.338133742
124 129 1000 22 0.350283604
44 129 1000 540 0.350532206
9 129 1000 519 0.352070573
94 129 1000 1 0.353426527
88 129 1000 39 0.356142882
63 129 1000 1274 0.356940680
67 129 1000 15 0.359815342
50 129 1000 2041 0.360576078
26 129 1000 14 0.360686007
110 129 1000 37 0.362034995
48 129 1000 5 0.363880998
88 129 1000 44 0.364135996
70 129 1000 3790 0.372288418
94 129 1000 4676 0.376417998
112 129 1000 11 0.379066471
106 129 1000 854 0.379140754
47 129 1000 45 0.381591757
88 129 1000 15 0.381999452
18 129 1000 13 0.384981063
121 129 1000 334 0.385214247
36 129 1000 1856 0.394845701
60 129 1000 317 0.395578629
114 129 1000 44 0.396431999
79 129 1000 28 0.397054235
41 129 1000 31 0.398060214
37 129 1000 451 0.400530286
115 129 1000 53 0.405059574
19 129 1000 2225 0.405197192
106 129 1000 17 0.408739093
101 129 1000 628 0.410064611
24 129 1000 8 0.410586889
115 129 1000 19 0.412589823
83 129 1000 17 0.413838383
103 129 1000 2277 0.419447291
38 129 1000 2305 0.420186358
12 129 1000 1776 0.420937881
72 129 1000 25 0.422144008
119 129 1000 3 0.429824765
95 129 1000 43 0.434672859
83 129 1000 25 0.436698536
74 129 1000 13 0.437204578
105 129 1000 13 0.437452477
39 129 1000 2 0.440405751
90 129 1000 649 0.445755767
108 129 1000 591 0.446171773
20 129 1000 38 0.447540173
14 129 1000 46 0.449536462
95 129 1000 3 0.452038225
107 129 1000 6 0.458497014
59 129 1000 33 0.458884163
19 129 1000 283 0.461949260
89 129 1000 20 0.464600981
18 129 1000 1 0.465066585
110 129 1000 3034 0.465527365
13 129 1000 15 0.467040362
89 129 1000 4 0.468501879
43 129 1000 1321 0.471719134
72 129 1000 1522 0.473386328
92 129 1000 14824 0.473612378
48 129 1000 2943 0.474494321
19 129 1000 36 0.475247383
61 129 1000 1 0.476920617
123 129 1000 6 0.478875620
119 129 1000 12 0.480960534
115 129 1000 9 0.482809822
101 129 1000 6523 0.490494889
32 129 1000 541 0.490497141
81 129 1000 88 0.498720877
45 129 1000 6 0.500123734
12 129 1000 70 0.501791030
127 129 1000 19 0.502455800
42 129 1000 925 0.502760538
39 129 1000 989 0.504562557
10 129 1000 43 0.504928626
34 129 1000 5 0.507833674
2 129 1000 19 0.508466138
50 129 1000 1 0.511007951
18 129 1000 14 0.511211514
2 129 1000 19 0.511261589
5 129 1000 35 0.528123041
44 129 1000 6 0.528525527
63 129 1000 2 0.530832944
100 129 1000 102 0.530936866
118 129 1000 6 0.531793295
87 129 1000 1 0.532774090
15 129 1000 50 0.537068942
51 129 1000 5 0.538891070
8 129 1000 59 0.541667779
123 129 1000 1402 0.543355822
81 129 1000 47 0.544801922
95 129 1000 29 0.549404940
82 129 1000 7 0.551556612
110 129 1000 43 0.552169230
117 129 1000 15229 0.553157758
96 129 1000 928 0.554147915
30 129 1000 12 0.555030722
82 129 1000 20 0.555884581
37 129 1000 3119 0.555917517
36 129 1000 48 0.556571305
93 129 1000 39 0.556724413
36 129 1000 564 0.558555611
17 129 1000 13 0.561138124
17 129 1000 2344 0.565798086
69 129 1000 1935 0.567586159
35 129 1000 320 0.568006242
109 129 1000 40 0.568745627
80 129 1000 165 0.568760518
100 129 1000 217 0.573909606
92 129 1000 17 0.578171390
92 129 1000 5135 0.584549397
21 129 1000 46 0.589011170
38 129 1000 3 0.589794607
68 129 1000 37 0.592992472
1 129 1000 3449 0.594920285
109 129 1000 38 0.595728592
46 129 1000 21 0.601209952
21 129 1000 50 0.601959514
26 129 1000 35 0.602346382
114 129 1000 1042 0.602793587
6 129 1000 2166 0.607440947
38 129 1000 4253 0.609915941
43 129 1000 136 0.611271412
2 129 1000 2 0.611688731
88 129 1000 7 0.612532922
93 129 1000 52 0.613450166
112 129 1000 1935 0.615788888
82 129 1000 19 0.616616327
93 129 1000 1724 0.617131664
72 129 1000 6556 0.618366767
65 129 1000 708 0.626295804
17 129 1000 7 0.631109032
88 129 1000 3360 0.632113587
82 129 1000 29 0.634013746
43 129 1000 589 0.634842043
91 129 1000 12 0.635387257
103 129 1000 227 0.636161563
31 129 1000 52 0.636200990
59 129 1000 6 0.636726347
125 129 1000 767 0.637715929
91 129 1000 45 0.644634255
76 129 1000 2017 0.645019529
124 129 1000 89 0.645318272
69 129 1000 20 0.647423687
119 129 1000 3 0.647758465
20 129 1000 4 0.648464197
77 129 1000 638 0.651876930
71 129 1000 20 0.653414151
54 129 1000 1 0.658648760
11 129 1000 5439 0.659413224
50 129 1000 12 0.659579416
65 129 1000 13326 0.661435581
113 129 1000 12177 0.661899679
118 129 1000 37 0.662653414
33 129 1000 137 0.665157046
5 129 1000 2659 0.665177756
121 129 1000 708 0.666311533
118 129 1000 15 0.668019067
22 129 1000 6 0.670488241
48 129 1000 4 0.671180920
105 129 1000 3 0.673841952
68 129 1000 51 0.677600398
119 129 1000 1766 0.678207793
104 129 1000 1 0.678973062
115 129 1000 19 0.681047757
31 129 1000 20 0.682452669
30 129 1000 4 0.683659272
6 129 1000 1 0.683951786
94 129 1000 28 0.688733588
63 129 1000 18 0.689261372
16 129 1000 2 0.691448381
59 129 1000 49 0.693366392
88 129 1000 1734 0.694866025
19 129 1000 19270 0.695082379
62 129 1000 1 0.696038139
70 129 1000 33 0.698682851
105 129 1000 4036 0.701227054
65 129 1000 1413 0.702318851
17 129 1000 3668 0.702971679
63 129 1000 975 0.706640549
106 129 1000 47 0.707729358
81 129 1000 1 0.707953723
19 129 1000 495 0.710764258
110 129 1000 157 0.713584422
66 129 1000 125 0.713611820
75 129 1000 25 0.713631156
68 129 1000 2156 0.715014551
42 129 1000 52 0.716185380
47 129 1000 5631 0.717556250
82 129 1000 10 0.719706052
87 129 1000 36 0.719943300
70 129 1000 890 0.720991613
77 129 1000 13 0.721760547
42 129 1000 41 0.727414661
79 129 1000 11 0.728461137
99 129 1000 1 0.731714309
4 129 1000 708 0.740339399
117 129 1000 54 0.741255279
123 129 1000 17 0.742446564
27 129 1000 6 0.744188984
26 129 1000 48 0.748038424
73 129 1000 284 0.749982874
46 129 1000 25 0.752717258
26 129 1000 2 0.754467140
44 129 1000 25 0.758651552
105 129 1000 5283 0.758974436
40 129 1000 2 0.763184909
97 129 1000 258 0.765763971
36 129 1000 1 0.766704487
58 129 1000 18 0.766776921
80 129 1000 1 0.767897046
95 129 1000 31 0.768338575
63 129 1000 18 0.773153134
82 129 1000 35 0.775499561
103 129 1000 41 0.776319516
94 129 1000 107 0.776680307
21 129 1000 5638 0.779745675
96 129 1000 11 0.780072025
24 129 1000 4063 0.780639466
70 129 1000 43 0.783188232
41 129 1000 6 0.783660182
118 129 1000 3 0.784258410
4 129 1000 1 0.787380694
105 129 1000 19 0.788034761
16 129 1000 1 0.791187543
18 129 1000 105 0.793935885
32 129 1000 1375 0.794231469
7 129 1000 44 0.796441302
99 129 1000 3893 0.797811788
57 129 1000 12418 0.798406180
69 129 1000 2209 0.801793347
124 129 1000 5 0.802106763
12 129 1000 95 0.803261637
5 129 1000 5 0.803321811
88 129 1000 2954 0.805670867
78 129 1000 9035 0.805800965
75 129 1000 20 0.805864939
38 129 1000 635 0.806840843
41 129 1000 872 0.807574687
24 129 1000 59 0.808929512
104 129 1000 18 0.809760753
92 129 1000 43 0.810838745
15 129 1000 2644 0.813338832
109 129 1000 31 0.815162902
4 129 1000 33 0.815692961
24 129 1000 1155 0.821061790
10 129 1000 493 0.823316768
99 129 1000 20 0.826490241
71 129 1000 6489 0.827815392
78 129 1000 1075 0.828938769
40 129 1000 925 0.829309692
5 129 1000 19 0.829543350
31 129 1000 49 0.829800427
103 129 1000 273 0.829865249
28 129 1000 25 0.834256482
20 129 1000 7 0.836126727
127 129 1000 2310 0.838986641
51 129 1000 38 0.840999247
66 129 1000 257 0.846980799
83 129 1000 13 0.849137204
32 129 1000 1043 0.849689622
12 129 1000 28 0.849929051
77 129 1000 26 0.851855269
57 129 1000 52 0.852220788
109 129 1000 32 0.852712002
112 129 1000 19 0.853485751
6 129 1000 3101 0.854989537
36 129 1000 1262 0.855430897
1 129 1000 43 0.855760234
88 129 1000 1207 0.855827673
41 129 1000 9 0.858381574
50 129 1000 18 0.858760798
94 129 1000 2 0.861672432
49 129 1000 187 0.865693982
68 129 1000 103 0.865960817
112 129 1000 3358 0.866364656
47 129 1000 3950 0.868148172
27 129 1000 43 0.872314980
39 129 1000 53 0.873615301
30 129 1000 20 0.877245576
65 129 1000 16 0.877660777
47 129 1000 48 0.878319250
61 129 1000 428 0.879701058
25 129 1000 4567 0.883173619
17 129 1000 91 0.884468972
34 129 1000 25 0.885409916
20 129 1000 6 0.887719382
120 129 1000 3157 0.887867986
1 129 1000 1636 0.888470667
77 129 1000 3 0.894830589
41 129 1000 893 0.896914970
106 129 1000 275 0.897209349
93 129 1000 2354 0.897219536
106 129 1000 2382 0.897609517
103 129 1000 69 0.898650869
12 129 1000 6 0.900865855
11 129 1000 30 0.901063067
109 129 1000 19 0.905950692
120 129 1000 6 0.910796020
50 129 1000 34 0.915185306
41 129 1000 4 0.916862200
22 129 1000 10312 0.917634248
85 129 1000 36 0.919282537
87 129 1000 1114 0.919966067
115 129 1000 686 0.920639362
127 129 1000 54 0.922899775
28 129 1000 88 0.925249855
87 129 1000 2 0.928918409
64 129 1000 7 0.930086523
59 129 1000 4069 0.932357467
54 129 1000 977 0.932881715
76 129 1000 628 0.935326045
13 129 1000 5241 0.936700691
89 129 1000 50 0.937329475
106 129 1000 95 0.939061353
127 129 1000 3 0.940692348
63 129 1000 5 0.940844603
64 129 1000 4 0.944003985
88 129 1000 2519 0.944691967
24 129 1000 124 0.947157194
89 129 1000 4 0.947313995
17 129 1000 6 0.947436238
90 129 1000 3705 0.948263653
105 129 1000 6 0.953145369
125 129 1000 11 0.953617357
128 129 1000 15 0.953883188
20 129 1000 29 0.954953361
38 129 1000 27 0.955360198
63 129 1000 1330 0.955851983
85 129 1000 1 0.958106207
86 129 1000 1976 0.959081183
122 129 1000 5 0.960137245
67 129 1000 4198 0.961236906
29 129 1000 7 0.962285159
121 129 1000 14 0.965946544
66 129 1000 3 0.967620723
37 129 1000 1130 0.972868596
69 129 1000 5 0.974266604
93 129 1000 576 0.974384671
4 129 1000 225 0.974579830
19 129 1000 4565 0.974696963
82 129 1000 27 0.977194054
16 129 1000 396 0.977503753
100 129 1000 6 0.977555142
76 129 1000 5589 0.979046893
12 129 1000 9 0.981223962
16 129 1000 2150 0.983085226
111 129 1000 731 0.983931941
90 129 1000 5 0.990932307
95 129 1000 1418 0.996560568
4 129 1000 2419 0.999250588
48 129 1000 36 0.999870548
10 129 1000 37 1.003905430
106 129 1000 4 1.006219243
89 129 1000 17 1.008686660
105 129 1000 17 1.008998198
125 129 1000 34 1.009996919
103 129 1000 436 1.014122413
108 129 1000 40 1.017834245
52 129 1000 16 1.019044561
60 129 1000 8 1.019192312
40 129 1000 7197 1.020145896
60 129 1000 434 1.020665570
107 129 1000 667 1.020930287
30 129 1000 2 1.021951703
10 129 1000 3 1.025162210
124 129 1000 53 1.027884083
126 129 1000 39 1.031752331
61 129 1000 2879 1.036691620
68 129 1000 50 1.038034471
75 129 1000 101 1.040339501
64 129 1000 21 1.041205866
37 129 1000 4590 1.041269390
83 129 1000 28 1.041665917
122 129 1000 2710 1.043829184
28 129 1000 230 1.048050337
118 129 1000 6 1.050116323
48 129 1000 351 1.050865971
90 129 1000 31 1.051344320
86 129 1000 1663 1.053333237
47 129 1000 29 1.054245898
13 129 1000 5 1.054383414
66 129 1000 1327 1.054926984
67 129 1000 1 1.055378935
36 129 1000 50 1.057034803
104 129 1000 1 1.057151835
91 129 1000 44 1.057948933
19 129 1000 3 1.063169341
22 129 1000 10 1.065968567
32 129 1000 24 1.066774921
118 129 1000 229 1.067482393
1 129 1000 849 1.068319420
20 129 1000 2 1.069230674
8 129 1000 3170 1.073928458
70 129 1000 1070 1.076325413
55 129 1000 2 1.082671405
39 129 1000 3 1.087688594
17 129 1000 4 1.092336228
74 129 1000 1761 1.094157211
88 129 1000 19 1.098705009
127 129 1000 39 1.098878340
24 129 1000 3 1.099346363
54 129 1000 3076 1.100978392
113 129 1000 48 1.101241977
107 129 1000 13553 1.102714311
72 129 1000 552 1.110574567
2 129 1000 785 1.112921000
115 129 1000 40 1.113584875
67 129 1000 7 1.114296761
15 129 1000 9 1.117962527
108 129 1000 829 1.119178988
38 129 1000 274 1.122037250
38 129 1000 15 1.122909458
104 129 1000 433 1.124621613
128 129 1000 1870 1.125222380
43 129 1000 98 1.127121366
47 129 1000 2566 1.131456140
45 129 1000 1325 1.133173225
12 129 1000 2960 1.135648819
85 129 1000 3 1.136235528
106 129 1000 14 1.137132036
108 129 1000 19 1.137445011
116 129 1000 6175 1.138675357
21 129 1000 7 1.139716573
15 129 1000 7 1.143310678
115 129 1000 29 1.147650213
50 129 1000 6178 1.148539808
15 129 1000 593 1.152051885
52 129 1000 5589 1.152942733
46 129 1000 6 1.153235720
111 129 1000 1248 1.155531762
15 129 1000 3974 1.156545252
15 129 1000 5 1.157982335
24 129 1000 18 1.158532315
37 129 1000 2616 1.158892019
35 129 1000 6938 1.160079742
109 129 1000 1 1.160689082
32 129 1000 765 1.162148842
52 129 1000 215 1.167874483
47 129 1000 5 1.168910113
67 129 1000 53 1.170261415
79 129 1000 1326 1.177643861
97 129 1000 1001 1.178690903
32 129 1000 4633 1.181007615
126 129 1000 2405 1.181904104
122 129 1000 5 1.182475604
113 129 1000 6 1.183012068
100 129 1000 125 1.187315617
120 129 1000 45 1.191764315
103 129 1000 19254 1.192319910
32 129 1000 16 1.193415685
11 129 1000 431 1.197940429
57 129 1000 1294 1.198177668
123 129 1000 16 1.199156280
65 129 1000 24 1.200756302
78 129 1000 222 1.206391859
44 129 1000 806 1.207469389
125 129 1000 2 1.207648818
12 129 1000 12 1.208005341
35 129 1000 5502 1.214299352
11 129 1000 54 1.218973664
41 129 1000 8 1.223303586
69 129 1000 735 1.228560538
93 129 1000 3 1.231942081
79 129 1000 57 1.232138598
103 129 1000 22 1.234012712
82 129 1000 5 1.234077869
115 129 1000 59 1.234619415
37 129 1000 695 1.237073380
67 129 1000 7 1.237432626
122 129 1000 2986 1.239927158
116 129 1000 24 1.240674338
98 129 1000 93 1.242312820
42 129 1000 29 1.242324610
76 129 1000 2479 1.244145067
52 129 1000 112 1.246447328
88 129 1000 705 1.250472906
71 129 1000 22 1.252151013
103 129 1000 1739 1.253581335
30 129 1000 9 1.253867391
82 129 1000 3 1.255511252
3 129 1000 1052 1.256452513
95 129 1000 3233 1.256615015
86 129 1000 47 1.257362966
59 129 1000 6 1.259587240
78 129 1000 1766 1.265384520
13 129 1000 6500 1.273223001
68 129 1000 29 1.274184818
10 129 1000 152 1.275062117
128 129 1000 10 1.281305483
112 129 1000 304 1.282253590
82 129 1000 1860 1.282482487
42 129 1000 234 1.282881308
109 129 1000 2523 1.284784574
55 129 1000 2520 1.284880051
39 129 1000 10 1.286846583
125 129 1000 4 1.289228975
33 129 1000 569 1.290149165
105 129 1000 2638 1.290878012
120 129 1000 562 1.292029635
31 129 1000 8 1.293728950
120 129 1000 1004 1.296606337
20 129 1000 10 1.303708709
127 129 1000 631 1.306715099
94 129 1000 711 1.307557385
97 129 1000 12 1.308084861
21 129 1000 4542 1.309865212
111 129 1000 10 1.313052274
74 129 1000 33 1.313806786
118 129 1000 4 1.315012871
15 129 1000 1 1.316115279
83 129 1000 32 1.316373654
3 129 1000 194 1.317725244
5 129 1000 4 1.318545700
44 129 1000 437 1.319163036
3 129 1000 15 1.321139154
16 129 1000 213 1.323364576
105 129 1000 4731 1.324733926
123 129 1000 40 1.331299444
55 129 1000 41 1.331422893
69 129 1000 3364 1.332864563
67 129 1000 14 1.341160162
74 129 1000 50 1.344385151
28 129 1000 2 1.346440533
2 129 1000 52 1.346691720
34 129 1000 20 1.349061150
57 129 1000 1885 1.357044404
108 129 1000 522 1.358548673
81 129 1000 687 1.361537145
18 129 1000 50 1.365428167
13 129 1000 4 1.368238754
97 129 1000 760 1.368471366
110 129 1000 12 1.372417782
24 129 1000 3598 1.372993488
20 129 1000 28 1.374407013
35 129 1000 156 1.378953038
48 129 1000 550 1.383759209
117 129 1000 14 1.384409346
62 129 1000 67 1.385008548
67 129 1000 10 1.385264450
24 129 1000 18 1.385873229
56 129 1000 33 1.387818940
80 129 1000 193 1.392710276
109 129 1000 506 1.393672866
50 129 1000 24 1.397270739
40 129 1000 7 1.398550943
17 129 1000 35 1.398916710
72 129 1000 7 1.399058520
121 129 1000 28 1.400791174
68 129 1000 43 1.411910486
17 129 1000 2543 1.412196790
82 129 1000 17156 1.412884861
8 129 1000 319 1.413682198
111 129 1000 1956 1.415651483
12 129 1000 31 1.419384007
20 129 1000 2 1.430911718
5 129 1000 2 1.431919105
14 129 1000 6 1.432342664
45 129 1000 28 1.434569354
18 129 1000 5 1.436390704
30 129 1000 17 1.438718406
43 129 1000 5575 1.448786042
13 129 1000 5 1.450913601
105 129 1000 14158 1.451583753
99 129 1000 5 1.460584158
105 129 1000 41 1.461224171
10 129 1000 679 1.463548052
108 129 1000 131 1.464324535
17 129 1000 6 1.465633306
112 129 1000 2953 1.466529935
38 129 1000 240 1.467743988
105 129 1000 3381 1.469354937
109 129 1000 7 1.470088969
19 129 1000 2331 1.470676311
55 129 1000 51 1.474836936
47 129 1000 8 1.475548456
40 129 1000 52 1.476105821
12 129 1000 314 1.480957965
38 129 1000 22 1.483429273
81 129 1000 9 1.483684430
112 129 1000 776 1.484583351
46 129 1000 29 1.485594125
108 129 1000 504 1.489272899
15 129 1000 22 1.491610962
106 129 1000 7616 1.491627019
102 129 1000 11 1.493347893
75 129 1000 6 1.493463278
31 129 1000 48 1.494124149
95 129 1000 1325 1.498309551
49 129 1000 3136 1.502438980
54 129 1000 1547 1.502495576
10 129 1000 1263 1.504447850
2 129 1000 31 1.505762599
32 129 1000 4 1.506981279
85 129 1000 5 1.509948723
80 129 1000 2442 1.512000891
55 129 1000 4053 1.512419745
72 129 1000 38 1.512489686
111 129 1000 14 1.515733591
110 129 1000 984 1.524261500
94 129 1000 2468 1.529318548
110 129 1000 7 1.529993097
15 129 1000 32 1.531235992
104 129 1000 2693 1.531458809
81 129 1000 32 1.531900183
9 129 1000 20 1.534544844
52 129 1000 15 1.535748933
120 129 1000 25 1.535983442
60 129 1000 63 1.537812782
39 129 1000 27 1.539963049
36 129 1000 5396 1.542436539
33 129 1000 6 1.545215435
40 129 1000 124 1.546470207
11 129 1000 3 1.552735901
23 129 1000 3037 1.553724686
110 129 1000 2909 1.557464548
93 129 1000 29 1.560418456
2 129 1000 1318 1.560604915
66 129 1000 2 1.565273153
45 129 1000 4 1.568266519
8 129 1000 24 1.568412867
82 129 1000 3 1.573146078
31 129 1000 23 1.573408828
2 129 1000 612 1.576857688
56 129 1000 721 1.577634062
41 129 1000 742 1.580265641
86 129 1000 895 1.580266189
22 129 1000 958 1.582370564
66 129 1000 27 1.585750205
30 129 1000 2370 1.586180749
50 129 1000 1262 1.586565012
87 129 1000 1257 1.588905487
3 129 1000 5 1.589426092
8 129 1000 8764 1.590807970
25 129 1000 451 1.594197140
64 129 1000 514 1.594326918
41 129 1000 15 1.594450282
86 129 1000 51 1.599780694
77 129 1000 15 1.601122177
49 129 1000 15 1.605762389
22 129 1000 29 1.609808726
13 129 1000 3 1.615584816
40 129 1000 72 1.620767672
9 129 1000 763 1.620930919
3 129 1000 32 1.621996526
78 129 1000 22 1.627936904
56 129 1000 28 1.628773697
120 129 1000 98 1.632652836
38 129 1000 14 1.634570115
67 129 1000 89 1.635427211
124 129 1000 1627 1.636653723
111 129 1000 17 1.642648885
93 129 1000 30 1.645721853
116 129 1000 18 1.656698723
45 129 1000 331 1.656834540
65 129 1000 3 1.657263384
16 129 1000 21 1.658049102
33 129 1000 457 1.659081042
14 129 1000 2932 1.659478664
29 129 1000 3 1.665831162
107 129 1000 50 1.667124534
113 129 1000 751 1.669023808
24 129 1000 8 1.669096550
67 129 1000 49 1.671077456
87 129 1000 14182 1.672571470
107 129 1000 14013 1.673071402
28 129 1000 61 1.674460473
19 129 1000 24 1.674682919
15 129 1000 27 1.677238657
35 129 1000 5299 1.682273418
21 129 1000 15551 1.687123065
120 129 1000 2216 1.690626476
34 129 1000 15 1.697318407
45 129 1000 24 1.700164258
64 129 1000 22 1.702097381
123 129 1000 487 1.710318772
31 129 1000 2886 1.711465288
100 129 1000 47 1.713938404
9 129 1000 13 1.714337279
9 129 1000 12 1.716630371
82 129 1000 4517 1.724747029
79 129 1000 28 1.726178883
89 129 1000 3 1.726803581
74 129 1000 9 1.734439188
45 129 1000 40 1.739815065
29 129 1000 5226 1.740249967
116 129 1000 3 1.741493334
50 129 1000 53 1.743093172
7 129 1000 6 1.746536647
2 129 1000 5780 1.748248439
60 129 1000 1705 1.750075573
25 129 1000 557 1.752988490
102 129 1000 2576 1.753765683
29 129 1000 361 1.754123717
120 129 1000 7777 1.755031972
15 129 1000 124 1.755317165
116 129 1000 49 1.756228562
29 129 1000 709 1.759343473
5 129 1000 1112 1.762408316
86 129 1000 9548 1.765045836
28 129 1000 1822 1.768425653
98 129 1000 623 1.769202835
33 129 1000 5658 1.773393505
74 129 1000 28 1.780387610
123 129 1000 40 1.802153191
89 129 1000 58 1.811157069
32 129 1000 5 1.812698923
95 129 1000 40 1.817418464
95 129 1000 2601 1.821151797
5 129 1000 15 1.822973064
12 129 1000 295 1.823423889
86 129 1000 499 1.834731676
87 129 1000 5 1.842061112
66 129 1000 11 1.855038607
33 129 1000 1085 1.862713859
97 129 1000 128 1.869250912
117 129 1000 793 1.878746024
2 129 1000 13 1.879524466
111 129 1000 38 1.882349262
64 129 1000 6 1.887071554
71 129 1000 7 1.906106917
71 129 1000 36 1.909334808
125 129 1000 42 1.914064559
41 129 1000 118 1.919644478
116 129 1000 66 1.937643018
67 129 1000 719 1.941122299
64 129 1000 20 1.954834619