400
30
6
22
21
17
27
18
27
4
3
24
22
7
10
25
7
18
25
28
12
3
32
15
10
23
29
20
17
29
27
11
24
6
6
13
23
7
6
22
1
15
1
6
7
11
17
10
1
18
12
15
32
19
8
8
8
20
6
27
18
18
30
9
19
3
27
7
2
24
27
8
15
24
31
8
31
17
13
16
1
11
31
21
14
27
8
28
29
13
23
4
26
30
3
8
9
9
12
13
30
30
29
24
32
6
1
5
6
25
11
27
9
26
25
2
7
29
6
20
21
7
27
23
25
12
31
17
23
2
24
25
26
15
8
22
26
6
2
31
9
6
27
28
5
11
8
21
21
7
6
11
6
21
16
17
6
19
32
17
16
27
8
22
13
18
21
4
32
27
18
24
19
11
12
21
26
25
3
9
28
22
2
28
20
15
11
17
16
21
26
12
16
9
23
25
31
29
31
22
12
5
1
19
12
32
16
10
30
23
32
2
25
16
30
15
18
10
25
2
10
23
17
2
20
26
20
31
15
8
30
8
19
9
29
1
19
26
25
23
7
31
30
27
26
1
8
27
9
29
13
11
3
21
12
19
19
23
22
8
28
10
5
9
23
29
1
12
27
31
6
16
9
16
23
8
5
15
3
4
7
27
27
16
28
19
16
8
23
21
29
6
20
28
11
10
17
28
24
12
16
32
5
23
22
18
16
2
28
21
7
21
32
28
16
30
30
28
2
7
2
7
1
14
12
6
4
29
12
27
2
15
22
1
16
7
17
28
10
29
26
11
32
31
8
26
18
25
4
18
15
1
30
2
30
21
20
28
3
15
9
29
10
23
17
5
17
4
1
31
16
29
15
32
8
10
27
7
3
15
18
14
32
12
8
10
15
24
31
28
12
28
17
29
27
14
12
7
4
11
23